# Position (bp)	A	C	G	T	N
0.0	19.66189476903732	29.464890444593593	32.320518593408835	18.531949058222814	0.02074713473743235
1.0	20.843987271174313	26.670743325292722	20.572270441160953	31.911707661779147	0.0012913005928598892
2.0	24.501546756906894	23.831608202483302	24.6790373243229	26.986618556666002	0.001189159620895913
3.0	19.325580423585816	29.889729625425883	18.056888492697503	32.72739379185163	4.0766643916614545E-4
4.0	31.573634080224274	18.535445205683025	18.192013171376846	31.696835503341674	0.002072039374182967
5.0	32.58006782327501	18.23054920753688	29.588256102235206	19.598154992265485	0.002971874687422466
6.0	27.650191364054937	23.825355486813887	25.425260530711558	23.097358702280186	0.0018339161394299271
7.0	30.26100554713194	22.870721432779863	25.962139593481993	20.904741125352956	0.0013923012532409207
8.0	17.894018428994045	36.42655778478568	24.443365434813057	21.234038037919074	0.002020313488139147
9.0	24.422125651428477	26.909827021337996	20.103430715170855	28.562121237841414	0.0024953742212565143
10.0	22.19978691360292	20.831987469419964	35.01963080074419	21.946388250069123	0.0022065661638015536
11.0	23.16337034010419	26.681788442788008	23.235652769398005	26.918102259526	0.0010861881838000124
12.0	20.69373256793457	25.611348346715594	29.157392756949243	24.536898451621923	6.278767786730961E-4
13.0	20.363761062217186	32.149421293075534	23.498392461912175	23.987695563439214	7.296193558852455E-4
14.0	25.61131102484912	25.662058140823163	27.206256741044303	21.51877923240024	0.0015948608831694842
15.0	25.809083985666952	25.042604351183023	25.812629753470738	23.33493543224691	7.464774323755067E-4
16.0	25.39172567616213	25.09222513212461	24.496057042681922	25.019551083375998	4.4106565533704714E-4
17.0	25.87664518072667	24.432294014102723	24.967291036242703	24.723515323468877	2.544454590221525E-4
18.0	25.435653244102863	24.785777672843327	24.865699731874383	24.912750621465246	1.1872971418026291E-4
19.0	24.986584279557157	25.171724613759544	25.057495944755047	24.783737229624897	4.5793230335878084E-4
20.0	24.706922639380277	25.222443028705182	25.368239751747033	24.7018010143531	5.935658144079113E-4
21.0	24.61739714233435	25.39363405688165	25.030274324981335	24.957761784093403	9.326917092694802E-4
22.0	24.545048506680647	25.552385383763372	25.27512441219182	24.62625471993098	0.0011869774331850402
23.0	24.85716199272097	25.305314809932238	25.38217443387453	24.45506051868801	2.882447842530179E-4
24.0	24.644860643363927	25.36132763491803	25.134005894631763	24.859025934480883	7.798926053973993E-4
25.0	24.590705877346792	25.43722433222217	25.17429891783365	24.79661806273354	0.0011528098638480691
26.0	24.89710880749964	25.153917222556554	25.43252612753117	24.51509166885632	0.001356173556310869
27.0	24.67535813753227	25.356205089782296	25.005636290591887	24.962020724598126	7.797574954189248E-4
28.0	24.691138297291698	25.355678705857347	25.267146769779337	24.685459913491943	5.76313579676878E-4
29.0	24.94848946500233	25.135140998860294	25.332165829006044	24.583051118654918	0.0011525884764204126
30.0	24.65648433175334	25.4150408252715	25.025482955826266	24.90138172366137	0.0016101634875259787
31.0	24.722774796035434	25.46107593225751	25.220879341211866	24.594185215435427	0.001084715059760173
32.0	24.806183288247986	25.30978556820333	25.403780932160803	24.47941974387365	8.304675142293829E-4
33.0	24.584604772674695	25.42177608035977	25.12107096644078	24.871988902569544	5.592779552120045E-4
34.0	24.53822852616476	25.46651671698319	25.351207308487915	24.643454292970635	5.931553934942039E-4
35.0	24.696966564387342	25.22570538334073	25.498599011597346	24.57805117039388	6.778702807094726E-4
36.0	24.66298802064701	25.342646710173	25.11029244168223	24.88317465987833	8.981676194304499E-4
37.0	24.65133493317327	25.382769415457396	25.256248636885196	24.70883359399506	8.134204890792369E-4
38.0	24.878586175219226	25.267107025318502	25.331942405982343	24.521940743580135	4.236498997898527E-4
39.0	24.773750403729665	25.27479882993805	25.064656056216116	24.886337178071134	4.5753204503606545E-4
40.0	24.65094108141669	25.347516884426742	25.220883683855206	24.78025165997435	4.066903270061356E-4
41.0	24.909131207927114	25.16895240864573	25.469984407000005	24.45150834569488	4.236307322745276E-4
42.0	24.771776737206295	25.421192525643665	24.965661028173038	24.840979974779113	3.8973419788804734E-4
43.0	24.59635487931695	25.57338915159841	25.234697493007324	24.59510096783327	4.575082440443864E-4
44.0	24.765021589038643	25.199564321982866	25.473777815733552	24.561009325258244	6.269479867005692E-4
45.0	24.610821889675936	25.32006205703201	25.106986702742347	24.96087546774912	0.0012538828005912903
46.0	24.66927665573476	25.41111563900818	25.16537226232847	24.752778231979512	0.0014572109490764078
47.0	24.845917643586255	25.162893356065712	25.37259514778249	24.617102760316747	0.001491092248794164
48.0	24.719012784808154	25.368301158379662	24.988732044979642	24.923072908582828	8.811032497121165E-4
49.0	24.642928006444265	25.34279639987319	25.25205954032419	24.761318004141533	8.980492168248334E-4
50.0	24.984004532952696	25.11130743965439	25.316774636069233	24.586422288463336	0.0014911028603419505
51.0	24.700970284517723	25.392282965282202	24.997750637065334	24.907132234243488	0.0018638788912496138
52.0	24.673156460443362	25.50403893672934	25.165270820480345	24.65631379013118	0.0012199922157718898
53.0	24.828074320557644	25.247666850004354	25.40228389281828	24.520687167276833	0.001287769342888582
54.0	24.703643105644034	25.453973351262725	25.045800610945925	24.795362938071065	0.0012199940762509852
55.0	24.609946214786376	25.426077779973035	25.295096839479047	24.667438883750943	0.0014402820106065755
56.0	24.816986040562906	25.254426808734376	25.40026863905867	24.52721711522589	0.001101396418157181
57.0	24.708730839472643	25.37350129270335	25.102116617465203	24.814837909673773	8.133406850294141E-4
58.0	24.64500421838402	25.46304368564931	25.168290562359136	24.723068468973146	5.930646343866669E-4
59.0	24.8916640543586	25.223136294702243	25.34235921071583	24.542349043895246	4.913963280833002E-4
60.0	24.688787856554267	25.32398003836638	25.08105961158149	24.905189696012265	9.82797485597357E-4
61.0	24.67338416217558	25.332351662838548	25.212382265201843	24.780983833784774	8.980759992578165E-4
62.0	24.85009778846581	25.179216723030734	25.30738722300752	24.662603528518275	6.947369776636979E-4
63.0	24.725797596535106	25.377108793048524	25.025315683523452	24.87116791042247	6.10016470444702E-4
64.0	24.57491573719596	25.445850250708425	25.26328578421978	24.715473770379855	4.7445749597939635E-4
65.0	24.800328868106064	25.303171049033	25.398300147726303	24.49782714564919	3.7278948543867325E-4
66.0	24.694396207564537	25.33803659857472	25.104466170244784	24.86269434266124	4.066809547242093E-4
67.0	24.57806850947363	25.379246935320104	25.333834228709236	24.708528370741202	3.219557558233324E-4
68.0	24.888145716596053	25.209898350026467	25.317329975050107	24.584134551840673	4.914064867011849E-4
69.0	24.708743877110276	25.38497084007394	24.994929187394018	24.910746072852625	6.100225691405511E-4
70.0	24.678631178346418	25.318666071779276	25.215893795994404	24.78660561219657	2.0334168333362423E-4
71.0	24.90434440757924	25.098722671646296	25.360153048947875	24.63654263917931	2.37232647279111E-4
72.0	24.650325535903164	25.39639261958204	24.99243392947982	24.96074624331466	1.0167172031600926E-4
73.0	24.636569645149905	25.468635327892645	25.210032912880592	24.684609606263802	1.5250781305998964E-4
74.0	24.802560921177893	25.221332062655875	25.425642492502515	24.550345906013472	1.18617650238574E-4
75.0	24.610056457023134	25.436924692733115	25.10684504761067	24.846055184761738	1.186178713412953E-4
76.0	24.63658657766433	25.43329670843622	25.247607802255377	24.682407238579913	1.0167306416180387E-4
77.0	24.80783305364678	25.25231523021652	25.42807463301413	24.511709300861565	6.778226100949139E-5
78.0	24.69739654867099	25.39327137423628	25.082385716137633	24.82674301265589	2.0334829920329832E-4
79.0	24.746740857616516	25.451347012769844	25.088910349796794	24.712798430277118	2.0334953972678973E-4
80.0	24.815688092703475	25.17219560023846	25.392136228639288	24.619505593666847	4.7448475192412036E-4
81.0	24.84291464069949	25.30954021891884	24.98659993550345	24.860284310138585	6.608947396337389E-4
82.0	24.634031851904574	25.412383537872856	25.15565000186407	24.797273710146992	6.60898211507763E-4
83.0	24.924314047600852	25.26705088214276	25.310856801415483	24.497185151945533	5.93116895375366E-4
84.0	24.729046108086013	25.376291898802307	25.00471106272763	24.889408649782307	5.422806017416697E-4
85.0	24.602341408095167	25.512783556762358	25.165688608619007	24.718339109493527	8.473170299368969E-4
86.0	24.886488827836686	25.252073348730825	25.428654756403233	24.43146124843055	0.0013218185986994323
87.0	24.62781758219076	25.467108020302536	25.12616216712702	24.77762429932738	0.001287931052305761
88.0	24.675274275818463	25.45274850306809	25.276944901483724	24.594693388452583	3.38931177143566E-4
89.0	24.741308893957832	25.365980551987338	25.394891592073023	24.497378348240765	4.4061374104791505E-4
90.0	24.70415915922023	25.390133012292555	25.122440858946778	24.782606043104604	6.609264358372616E-4
91.0	24.612584459316327	25.431121701066132	25.355707814403882	24.599755625113332	8.304001003258896E-4
92.0	24.75986771752397	25.304887245695685	25.44241316208603	24.49178115296712	0.0010507217271967118
93.0	24.617261856341006	25.388110442257112	25.169964614007974	24.824002142140515	6.609452533962418E-4
94.0	24.48948117858524	25.510637454101857	25.217055448579	24.781995489924185	8.304288097107971E-4
95.0	24.764683720582607	25.30342110441164	25.327537855927577	24.6029167541598	0.001440564918380134
96.0	24.698621820847897	25.405523766717952	25.10044244502994	24.794123917826504	0.0012880495777061666
97.0	24.66824071439237	25.40874706603255	25.274228185849264	24.647529857445917	0.0012541762798996049
98.0	24.94816240514237	25.125598331434514	25.411760159643183	24.51300456699634	0.001474536783591219
99.0	24.644684552085163	25.424543803862992	25.15347779904506	24.775904023685268	0.0013898213215200782
100.0	24.65424518704931	25.416827678682374	25.264304352991136	24.663376787233375	0.0012459940438071023
101.0	24.85166475659131	25.216484279824808	25.38693852250414	24.54427641778617	6.360232935795855E-4
102.0	24.742247875153783	25.42345888386436	25.00545720091726	24.826481783681576	0.0023542563830208953
103.0	24.751852185640942	25.37542701679967	25.233304529982124	24.637951985853643	0.0014642817236199626
104.0	24.900303473435937	25.21588846416533	25.499105763537866	24.383929967830657	7.723310302070953E-4
105.0	24.721226127761003	25.39372688521704	25.14997983063389	24.734342402654082	7.247537339842682E-4
106.0	24.5321152209446	25.50604130091839	25.301228201996317	24.66008112044499	5.341556957021833E-4
107.0	24.808779788864044	25.318341606597755	25.46463793810424	24.40764873669638	5.919297375814038E-4
108.0	24.768330934534106	25.42952482088524	25.053078402782848	24.748216442774723	8.493990230826894E-4
109.0	24.674649994956095	25.327261954143083	25.296525096243876	24.700798175017272	7.647796396722518E-4
110.0	24.86441768544903	25.275233153510978	25.434598217848702	24.425053743969	6.971992222926149E-4
111.0	24.67468246509279	25.423940619844704	25.07924970292915	24.821461714278108	6.654978552483009E-4
112.0	24.630883558686673	25.49983218170121	25.253115068965688	24.615424159353253	7.450312931768917E-4
113.0	24.785684984231086	25.32886156419092	25.405219674533175	24.479333017817392	9.007592274338234E-4
114.0	24.709492959983663	25.422627894575612	25.09789461343257	24.769379427192654	6.051048154997598E-4
115.0	24.692341459065105	25.427555444458754	25.26429522416701	24.614931460810308	8.764114988237034E-4
116.0	24.924085857805327	25.15210185751352	25.440476727566285	24.482586830669756	7.48726445114032E-4
117.0	24.69341571469006	25.402322044525942	25.03165624098559	24.87154192447116	0.0010640753272466933
118.0	24.58061133136731	25.54418101452014	25.27724103126312	24.596777102871442	0.0011895199779880304
119.0	24.829073565652127	25.27878943369222	25.34179880449303	24.549197932978082	0.0011402631845388177
120.0	24.629883004319527	25.443721186887654	25.044670915829588	24.880575292023416	0.001149600939818589
121.0	24.637763995313943	25.445293180238465	25.257195457356058	24.65862821361922	0.001119153472313542
122.0	24.801376681054112	25.290388622230818	25.46608069059738	24.441086030475592	0.0010679756420951666
123.0	24.77352930180543	25.40631029533437	25.067660813295166	24.751402387187277	0.001097202377759464
124.0	24.694754697499857	25.431747969811447	25.304835577261887	24.567821818688387	8.399367384232133E-4
125.0	24.76078714569417	25.26476497215707	25.460402893069862	24.51323938471657	8.056043623269654E-4
126.0	24.773366322217775	25.36401677300638	25.046236998805828	24.815630032354964	7.4987361505113E-4
127.0	24.5754889397727	25.471314833098752	25.29609478394219	24.655168791882865	0.0019326513034892757
128.0	24.89081794260107	25.223417956756066	25.382110713254967	24.501788657441057	0.0018647299468424823
129.0	24.77322693765785	25.334005966052715	24.89141506177141	25.00083900956257	5.13024955457677E-4
130.0	24.51875948855464	25.40468503552351	25.044888317865148	25.031171094964378	4.960630923235962E-4
131.0	24.833141331577888	25.142629875473148	25.09870022212992	24.924766659091087	7.61911727954846E-4
132.0	24.605651890717336	25.226807848197623	24.98156266014555	25.18507661055328	9.009903862128253E-4
133.0	24.170731983283634	25.59014109786067	25.385945322831876	24.85224980304781	9.317929760114334E-4
134.0	23.702998977176044	25.858655896892536	25.987365537394663	24.44983739405866	0.0011421944780943896
135.0	23.698305882767983	25.81366270845729	26.67310274270463	23.811581725614655	0.0033469404554417066
136.0	24.489732503833302	25.83220559987918	27.314347808305346	22.36273162898784	9.824589943321254E-4
137.0	25.152700512576825	26.586802676510434	25.533894745689256	22.72542447082718	0.0011775943963131597
138.0	25.086116029896356	26.373485017386628	24.722998787196815	23.815742628923083	0.0016575365971240573
139.0	24.298461794327594	27.23955488610399	24.65128618487573	23.808925334941026	0.0017717997516645467
140.0	25.04415940168138	23.331669529271068	27.844351209735503	23.77788167912446	0.0019381801875871282
141.0	22.785472320875915	25.14017963666486	27.513618819606055	24.559224850102602	0.0015043727505684467
142.0	23.183243633239307	25.62516026671337	22.901519075957246	28.288377365573638	0.0016996585164345895
143.0	24.406213054753593	25.34672295272738	22.499703623463198	27.745430475327815	0.0019298937280208288
144.0	25.797280738839756	24.27660221336639	21.134337479513924	28.78975783179767	0.002021736482260414
145.0	29.653497130295715	20.94568892867876	23.735218028173747	25.663441795756075	0.002154117095703745
146.0	29.234104097536388	22.026589167034587	26.9870134054377	21.75032744304457	0.0019658869467564094
147.0	27.39966184865443	24.028986577055388	25.23094119962881	23.336631656402613	0.003778718258766626
148.0	26.812452793594815	24.760707061463595	26.549496897523344	21.869284866497214	0.008058380921031965
149.0	25.749027621618787	22.996593948820205	29.64402431697678	21.591074577604257	0.019279534979974634
