# Position (bp)	A	C	G	T	N
0.0	19.733681277735872	29.489229810818813	32.0541909522986	18.702271206483935	0.020626752662779756
1.0	20.99261946176671	26.771043950919555	20.608262834449032	31.62680608588806	0.001267666976641425
2.0	24.542303235616387	23.72973676743302	24.76997685236743	26.956878548176427	0.0011045964067297807
3.0	19.453042628503947	29.68110238145204	18.29640253588438	32.56896357232834	4.888818312861558E-4
4.0	31.49259668380247	18.755659152151505	18.36962825266022	31.380088076821615	0.002027834564186667
5.0	32.28225640297742	18.404235327004194	29.633348456742404	19.677534640512462	0.0026251727635247996
6.0	27.629051760829903	23.857175470348505	25.48080361111207	23.030959604911057	0.0020095527984652084
7.0	30.027430709939797	23.03225570519663	25.949285049104446	20.989706966444448	0.001321569314681223
8.0	17.966496588017737	36.07280343741712	24.5948751926849	21.36399636851762	0.0018284133626241534
9.0	24.472836741676154	26.88966165175347	20.27788689382516	28.357406244173355	0.0022084685718630243
10.0	22.279857743080616	20.927740008772037	34.75917891828771	22.03105113686246	0.002172192997175606
11.0	23.29248231736146	26.70286578571444	23.281495152252784	26.722088799463055	0.001067945208256556
12.0	20.80164360631929	25.62601766105742	29.069703040259014	24.501929800301326	7.058920629496443E-4
13.0	20.481337632981685	31.93656299258131	23.64191219602603	23.939499408427316	6.877699836546034E-4
14.0	25.613066394365656	25.76638050205076	27.166604708775587	21.45255479472633	0.001393600081661345
15.0	25.72203273511875	25.078084250997478	25.876445721446355	23.322695270351225	7.420220861969051E-4
16.0	25.27335483084015	25.223640790632405	24.55164161298624	24.95105510675579	3.076587854137884E-4
17.0	25.821663195319772	24.4762078667495	25.09732228221046	24.604480905903003	3.257498172634011E-4
18.0	25.411379347786745	24.812787288718376	24.961525932896595	24.814144558254007	1.6287234427594195E-4
19.0	24.97722093404757	25.21169827867172	25.07465290313427	24.736065952611945	3.6193153449741374E-4
20.0	24.699879533791975	25.229608737265497	25.426060765855276	24.64387188562641	5.790774608394343E-4
21.0	24.603437711608763	25.416865872209026	25.13475101327912	24.843986320958038	9.59081945047138E-4
22.0	24.542205873358313	25.529923596325414	25.344044541485665	24.582740246687855	0.0010857421427555483
23.0	24.730660561554952	25.292953800175088	25.514005940323887	24.462108268500902	2.7142944517288066E-4
24.0	24.621460856467714	25.31456490187269	25.145903070021713	24.91731118913196	7.599825059265065E-4
25.0	24.496497171011193	25.542976039408433	25.143213656735607	24.816173177650434	0.0011399551943325047
26.0	24.921651648391414	25.16038794195346	25.423605833604746	24.49317844606087	0.0011761299895053016
27.0	24.681021455102353	25.325401903195825	25.11826216855471	24.87444596272932	8.685104177824613E-4
28.0	24.63706492799198	25.378757928390943	25.234624281797018	24.74906433452178	4.885272982721513E-4
29.0	24.93077017580078	25.113748604321316	25.448801955388582	24.505629848010116	0.0010494164792040936
30.0	24.681371613309683	25.351458767159052	25.129218170136458	24.83644970148689	0.0015017479079113708
31.0	24.646439717662012	25.508974278481546	25.28139441428763	24.562160260879114	0.0010313286897005185
32.0	24.81328859412558	25.277947906988523	25.425247134667245	24.482702156474446	8.142077442012576E-4
33.0	24.577383799995804	25.437290247964274	25.19812678811688	24.786945851134586	2.5331278845993786E-4
34.0	24.56153365828874	25.499325366805227	25.290919167598354	24.64778755233451	4.342549731693755E-4
35.0	24.71258502847461	25.208886785153755	25.492456770595282	24.58551050015941	5.609156169402306E-4
36.0	24.64762202542832	25.337667286578313	25.19251459397958	24.82127328332785	9.228106859306111E-4
37.0	24.641808820671532	25.383396923704943	25.249533250411922	24.724681978779405	5.790264321947382E-4
38.0	24.864465017489582	25.261285172551627	25.358472635061354	24.51548765722845	2.895176689919158E-4
39.0	24.723366887046687	25.2663279628935	25.115197825405243	24.894817803318382	2.895213361843947E-4
40.0	24.58427141958069	25.40767620851626	25.242575441677122	24.76520550195953	2.7142826639490065E-4
41.0	24.758726191548984	25.247878596397516	25.55124645920033	24.441841132592657	3.0762026052178913E-4
42.0	24.67225597618934	25.443337488038935	25.074462602582866	24.80965440666606	2.895265228009375E-4
43.0	24.598331293352608	25.520593189239037	25.235840350215593	24.644945637107334	2.8953008543309E-4
44.0	24.744950307427665	25.26357276222373	25.51227991570304	24.478636048277853	5.60966367713816E-4
45.0	24.618727591837164	25.426955066685466	25.12204209536194	24.831117119696167	0.001158126419270355
46.0	24.64462943617173	25.365006596837247	25.269478675232754	24.71970906237689	0.0011762293813775383
47.0	24.784102706363935	25.1777602489123	25.44601341663948	24.59089310896627	0.0012305191180145647
48.0	24.706523377606437	25.338128535621728	25.08762542120733	24.86703501705278	6.876485117205166E-4
49.0	24.658276437464792	25.37278563945805	25.269203158650395	24.699029013771366	7.057506553980606E-4
50.0	24.861431743201248	25.1961055936353	25.42831792459505	24.512733223464377	0.0014115151040259488
51.0	24.626691594007667	25.373426033315315	25.09879337892086	24.899659369369157	0.0014296243870033027
52.0	24.55677743973281	25.463816520482123	25.27901377732319	24.69952362442118	8.686380407000354E-4
53.0	24.811653717548708	25.23473725985408	25.473650341060093	24.478872877501942	0.0010858040351735359
54.0	24.69688628679865	25.429122297637957	25.159297797573355	24.713535417587345	0.0011582004026918025
55.0	24.679387123365267	25.455789219372228	25.27004051037462	24.5935344464864	0.001248700401484325
56.0	24.807101362723273	25.213819063648046	25.49401885733934	24.48417395081166	8.867654776770364E-4
57.0	24.650616586643086	25.455298305379827	25.066059946109636	24.827500337968495	5.248238989601791E-4
58.0	24.61456577695551	25.384357426844367	25.26489638958378	24.735782263483525	3.9814313281819644E-4
59.0	24.858016703917187	25.19651081773185	25.395383348565325	24.549763376254376	3.2575353125876595E-4
60.0	24.630097721850426	25.372752657141394	25.16046728841727	24.83583174330446	8.505892864478867E-4
61.0	24.65499212201698	25.381565483539486	25.25909750492532	24.703620976536893	7.239129813161679E-4
62.0	24.83185718026803	25.19690938991887	25.426897168424784	24.543739031557443	5.972298308699412E-4
63.0	24.623990922031	25.40926419767386	25.161846107069724	24.80442822459286	4.705486325585267E-4
64.0	24.576911368836278	25.434273264852486	25.329286112702736	24.659167291353192	3.6196225529994185E-4
65.0	24.788806571849744	25.265316353521065	25.459746243926894	24.485805061547747	3.2576915454760166E-4
66.0	24.640829782247316	25.351595975244805	25.170067534733377	24.837144736806387	3.6197096811850206E-4
67.0	24.657424167095453	25.462560854459138	25.28660574780649	24.593173948146998	2.3528249192392847E-4
68.0	24.91883554664608	25.22079735727309	25.346638910215407	24.513402405921088	3.2577994433506685E-4
69.0	24.764690114912487	25.340474241384097	25.10419153396616	24.79019163423473	4.524755025238179E-4
70.0	24.635215209406805	25.44433981097561	25.199873957192143	24.720444328046497	1.266943789504891E-4
71.0	24.802174810138496	25.201046862669862	25.447468633938332	24.549092501828028	2.1719142528252986E-4
72.0	24.671825133162244	25.395423406980633	25.013524820783683	24.919027545023763	1.990940496761373E-4
73.0	24.604678017516772	25.483394540080617	25.25295068407364	24.658795762526267	1.809958027073352E-4
74.0	24.814562959361773	25.252885968867243	25.452979327668213	24.47944504545857	1.2669864419780844E-4
75.0	24.552098124552586	25.473595043453944	25.216319460470622	24.75778826983347	1.9910168937783436E-4
76.0	24.67067424693155	25.4334491104218	25.2890973025308	24.60658023417393	1.9910594191862465E-4
77.0	24.864619280473445	25.2365191719589	25.427483050824446	24.47119748832722	1.8100841598630129E-4
78.0	24.659379558628384	25.365319281150633	25.127073675308637	24.847955969634455	2.715152778931718E-4
79.0	24.640956703019455	25.5374404038177	25.198457843852257	24.622891631473266	2.5341783732131556E-4
80.0	24.871045192831243	25.15522002687705	25.45181246307302	24.521017244175674	9.050730430148635E-4
81.0	24.82763539364731	25.384607308462048	25.03343388237066	24.75340022764727	9.231878727144764E-4
82.0	24.642555293621015	25.49973471660837	25.157373421084117	24.699576288751423	7.602799350720935E-4
83.0	24.845751979464975	25.281288580107237	25.355362386002007	24.516854868198585	7.421862271958755E-4
84.0	24.74253043184216	25.390123508638794	25.109446741832404	24.75715712178602	7.421959006167105E-4
85.0	24.58599025902027	25.51264146007891	25.24237045592166	24.657821159522346	0.0011766654568132098
86.0	24.754009686462595	25.293618860832318	25.491537107725236	24.45936801570167	0.0014663292781785945
87.0	24.617894532754107	25.459016248024728	25.17756822901364	24.744108952805906	0.0014120374016122208
88.0	24.59780585663682	25.571630991003257	25.30994931648674	24.520143152819745	4.706830534368281E-4
89.0	24.68916550805237	25.354861835245046	25.512017002664813	24.443484966979494	4.7068705827829914E-4
90.0	24.689546775857615	25.47790199426878	25.14007167918919	24.691737305203556	7.422454808564934E-4
91.0	24.531582770124707	25.494848750151167	25.390371829937425	24.58211042292605	0.001086226860652301
92.0	24.7192361928187	25.301194349402646	25.512958684682236	24.465289169567708	0.00132160352871763
93.0	24.570555423796016	25.42471933709059	25.236578782046987	24.767150717023352	9.957400430521785E-4
94.0	24.48217496382236	25.53345841241299	25.272606432333188	24.710782539646043	9.776517854184683E-4
95.0	24.80085150589556	25.31463008865387	25.346186789962903	24.536503028664818	0.0018285868228412581
96.0	24.665894790013642	25.361796812976216	25.164959213953164	24.80562920771599	0.0017199753409851113
97.0	24.703481599473935	25.40625419815015	25.288497783738823	24.600263684566343	0.0015027340707472717
98.0	24.83502317497103	25.13570031865585	25.55049608922364	24.47668018539977	0.002100231749710313
99.0	24.651973081959238	25.424975955688943	25.160597167985728	24.761168292795976	0.0012855015701224812
100.0	24.62871709032547	25.44951633458858	25.303750409943877	24.616794764823013	0.001221400319058931
101.0	24.788567704867628	25.262839075026733	25.48070983759276	24.466965568195896	9.178143169855307E-4
102.0	24.740657036673962	25.4024140778576	25.081839412885383	24.772224723487025	0.0028647490960330433
103.0	24.744644603384767	25.378480903125077	25.257839679108855	24.617620541201408	0.0014142731798908962
104.0	24.89969628324964	25.21516002037643	25.519139063901925	24.365236488201774	7.681442702339037E-4
105.0	24.680289946660753	25.411306410613143	25.19291262456435	24.71475530444871	7.357137130433552E-4
106.0	24.578525107638903	25.495260544661217	25.282338404862102	24.643268028091743	6.079147460360159E-4
107.0	24.778651675718702	25.23743055509049	25.516635685331686	24.466574121289295	7.07962569827592E-4
108.0	24.661641179773234	25.45368443511843	25.09863920207434	24.785090760015752	9.444230182487584E-4
109.0	24.640811292737634	25.43461833578747	25.262887302504456	24.660945275950123	7.377930203227029E-4
110.0	24.73664435453003	25.301818214534883	25.512663113858398	24.447955048962765	9.192681139336988E-4
111.0	24.621716861742946	25.407571672185153	25.17194329865931	24.79794064072239	8.27526690198636E-4
112.0	24.56238861355924	25.525807515100123	25.353424623819247	24.557644858692672	7.343888287153177E-4
113.0	24.746390444950862	25.37888981615032	25.47839825207444	24.39548175318789	8.397336364905051E-4
114.0	24.711428318788347	25.479972550265263	25.13038523289674	24.677569348951025	6.445490986282988E-4
115.0	24.60363901385143	25.436899980278326	25.29864537267063	24.660064911086096	7.507221135140531E-4
116.0	24.84862756545129	25.20861810524904	25.509226865584385	24.432750696892708	7.767668225719445E-4
117.0	24.672323646059905	25.3430919351487	25.218696329938332	24.765002491001397	8.855978516631837E-4
118.0	24.59129896250778	25.54259811595613	25.246038346263678	24.618985345933474	0.0010792293389325965
119.0	24.835166628244945	25.263551397176986	25.456657159556695	24.44362069016012	0.0010041248612529554
120.0	24.5938783346044	25.477778721913058	25.10809704707986	24.819318160493673	9.277359090093489E-4
121.0	24.520302857439194	25.5828628461492	25.290560019315407	24.60544538083745	8.288962587448556E-4
122.0	24.784192236662253	25.265962233105803	25.560076099391978	24.388826758191612	9.42672648353108E-4
123.0	24.724978882740952	25.489368585855292	25.04371936755564	24.74102605581436	9.071080337591053E-4
124.0	24.604686847540076	25.426119602176612	25.339578515516653	24.628874809119754	7.40225646902787E-4
125.0	24.676728418512344	25.305725076665826	25.512486329857172	24.504313982139216	7.461928254437707E-4
126.0	24.706818675631556	25.371396937488132	25.18463088647164	24.73657822291472	5.752774939496296E-4
127.0	24.622092154232	25.49375987463976	25.27205036897298	24.61004514949664	0.0020524526586177803
128.0	24.88996288750342	25.207880376092497	25.416728160861613	24.483493758189226	0.0019348173532418539
129.0	24.794188730136977	25.263781482022658	25.008644481734958	24.932818082894453	5.672232109553037E-4
130.0	24.575639861645104	25.386997541735678	25.079582902967335	24.957230411986426	5.492816654586285E-4
131.0	24.835095912706368	25.12945698268703	25.143358713614184	24.891257058245944	8.313327464739945E-4
132.0	24.644293963164067	25.221692143017442	24.954666459099137	25.17860168311476	7.457516045894486E-4
133.0	24.214168442543905	25.616641028174115	25.380225900993082	24.78781207220176	0.0011525560871426487
134.0	23.70037111058516	25.852731792186617	25.997183139382372	24.448455794920392	0.0012581629254519474
135.0	23.792753573871188	25.84876894533955	26.667331268275547	23.68735990046313	0.003786312050585129
136.0	24.521166835497883	25.851895690144495	27.338965881571255	22.286567691635533	0.0014039011508358659
137.0	25.21152090118493	26.559145885472784	25.57978418240856	22.64820402260201	0.0013450083317152475
138.0	25.13601203085428	26.38880580818954	24.773445112440733	23.699858463445945	0.0018785850695002318
139.0	24.243252454726928	27.17972274407301	24.74993879905109	23.825060557057412	0.00202544509155887
140.0	25.05243961974059	23.40295910368004	27.848375308661982	23.694200294532912	0.002025673384474834
141.0	22.818736474149855	25.21240285324047	27.488916856466005	24.478480694885057	0.001463121258612843
142.0	23.20712785387295	25.653407011303603	22.919216909323424	28.218737292204338	0.0015109332956815703
143.0	24.338194768304575	25.3841893839827	22.60246640098359	27.673347606732523	0.0018018399966083013
144.0	25.81476708286622	24.27601427510822	21.2018353710568	28.70532774193374	0.0020555290350237807
145.0	29.578495935489585	21.032103401833282	23.88587788346285	25.50205189018953	0.0014708890247533972
146.0	29.083464899281413	22.10965276968905	27.04458672915713	21.760190931117872	0.0021046707545331147
147.0	27.349867675793327	24.063960822141425	25.26229873117163	23.32050283198536	0.0033699389082634612
148.0	26.62518581914048	24.775116966552734	26.65205687875713	21.939607833814385	0.008032501735272516
149.0	25.729575130874423	22.78123071717192	29.75408795955333	21.71632098568841	0.018785206711917038
